0
1
10
1011
1018
1048
105
1053
1056
106
1079
108
109
11
1105
1109
111
1115
116
1184
1202
121
1234
125
128
1318
1337
134
1352
1375
1391
1404
141
142
1435
1459
149
15
1507
151
1529
155
1564
1582
159
16
1623
1669
167
1688
170
1709
1710
1735
1736
1759
179
1815
1848
1867
191
1915
1957
197
2
2011
204
2042
2071
21
213
214
2190
2215
227
23
231
234
2379
246
247
25
250
251
2518
252
255
2565
2569
2570
258
2581
26
261
2626
2628
265
2652
2655
268
269
27
271
2743
2747
275
2782
2788
2807
281
282
2884
289
2902
292
298
299
3
302
3046
310
3118
316
319
322
3265
327
328
342
343
346
347
348
35
351
3521
354
356
3569
357
3570
359
36
360
362
363
365
366
368
369
371
372
3722
373
374
378
379
38
3829
383
3839
385
386
3939
397
399
4
40
400
4021
403
4035
405
408
418
42
423
424
429
430
432
437
438
439
44
442
445
448
45
451
453
457
46
461
462
468
473
480
482
483
489
494
4957
497
499
5
503
504
5098
51
5115
515
536
538
547
55
553
557
559
562
563
574
58
581
59
593
604
61
610
612
62
628
63
630
636
639
645
648
668
67
675
68
681
692
697
703
716
718
726
733
744
75
754
758
772
78
79
797
8
80
828
830
835
867
87
879
9
92
939
94
949
955
963
994
