
0
1
100
101
105
1073
1176
12
1233
124
1270
13
1323
1344
137
1383
1387
142
143
144
147
149
15
1549
157
1590
16
1661
167
1684
171
1749
1877
188
19
196
197
1976
2
20
202
2049
205
21
214
215
224
228
23
230
232
2345
235
238
239
240
2450
2468
248
25
250
254
262
273
275
276
278
28
283
284
286
288
289
291
293
294
2961
300
302
305
309
3094
328
332
335
343
349
3506
355
356
358
36
362
363
3630
367
371
382
383
385
397
4155
42
428
43
447
46
4618
467
473
492
498
5
50
503
509
51
515
52
53
537
55
56
57
58
582
585
6
60
617
634
638
64
641
67
670
672
679
689
695
7
70
721
739
75
776
789
8
81
83
843
85
89
9
93
95
966
98
990
