0
1
10
1000
1001
1002
1003
1004
1006
1007
1008
101
1011
1016
1021
1024
1037
1042
106
1066
1078
108
1085
109
1109
111
1110
1132
1146
115
116
1217
123
1230
124
1251
129
1301
1304
135
1380
1399
14
144
1453
15
150
151
152
1565
166
1689
17
171
172
173
18
183
1854
187
1951
2
20
2052
21
2107
2147
217
219
2267
228
2280
229
23
238
243
245
2482
25
26
264
267
27
28
280
291
296
3
30
316
320
322
324
325
33
34
348
35
36
362
365
372
373
38
385
39
390
392
404
413
414
42
425
435
445
46
469
471
488
494
5
50
503
51
511
516
523
54
543
545
549
555
58
582
6
60
605
61
619
65
66
67
670
68
69
7
70
74
77
8
80
82
84
842
86
866
87
88
888
889
9
932
940
95
968
973
98
987
997
