1
10
1009
103
1059
1078
1089
109
113
1131
118
1180
1193
12
127
1271
1285
129
134
1389
14
1411
15
153
16
164
17
1744
179
1815
185
187
191
203
2031
207
217
22
223
2278
2350
25
254
266
2676
268
27
2726
281
287
296
301
3012
302
3049
306
31
310
32
320
325
3403
342
344
349
358
36
360
375
390
4
40
405
406
407
408
423
425
426
432
433
436
439
44
443
462
488
490
493
499
50
504
509
51
514
536
541
543
544
557
59
594
598
600
603
61
628
670
7
719
721
725
73
775
790
814
819
86
861
873
887
899
9
90
956
965
968
